0
0.0114215 
0.0121677 
0.0012257 
0.00416992 
0.00742511 
0.00335199 
0.00174021 
0.00129832 
0.000156999 
0.00218039 
0.000465311 
0.00184296 
0.000838988 
0.00438859 
0.00346841 
0.00130209 
0.00237535 
0.00133689 
0.00155631 
0.00038771 
0.000280857 
0.00115951 
0.00408255 
0.012375 
0.00557192 
0.00255955 
0.00257033 
0.00510453 
0.0122195 
0.00375015 
0.00216329 
0.00332195 
0.00291108 
0.00272049 
0.0038471 
0.00204341 
0.00177747 
0.00023628 
0.0014523 
0.00193533 
0.000443626 
0.00336423 
0.00192373 
0.00244898 
0.00175511 
0.0016274 
0.00228676 
0.000326116 
0.000520781 
0.000373565 
0.00394196 
0.00954594 
0.0289361 
0.03265 
1.95839e-05 
0.00521797 
0.00442567 
0.00209113 
0.0063854 
0.00386434 
0.00282637 
0.00101263 
0.000133049 
0.00196786 
0.00139851 
0.00158577 
0.00114174 
0.00125711 
0.00376572 
0.000891525 
0.002917 
0.00500004 
0.000843138 
0.00105473 
0.00164467 
0.00120803 
0.00660314 
0.00813091 
0.00399955 
0.00228485 
0.00799028 
0.00174503 
0.00461699 
0.000449024 
0.00204375 
0.000580374 
0.00320644 
0.00042022 
0.00401455 
0.00215692 
0.00645304 
0.00366855 
0.00302494 
0.0036804 
0.0151717 
0.0116226 
0.0017952 
0.00539432 
0.00132234 
0.00335875 
0.00999624 
0.00131264 
0.00609442 
0.00109407 
0.00118527 
