0
0.00772035 
0.00648639 
0.00401631 
0.00196732 
0.00178671 
0.000799768 
0.00389345 
0.00537877 
0.00130547 
0.00743541 
0.00545448 
3.8553e-05 
0.00247222 
0.000335477 
0.00183976 
0.00107063 
0.00245616 
0.00195092 
0.00319106 
0.000712752 
0.00152079 
0.00211728 
0.00193349 
0.00165925 
0.00101168 
0.000121344 
0.00261227 
0.00438682 
0.0011155 
0.00115412 
0.00610474 
0.00485113 
0.00181545 
0.000218268 
0.00119717 
0.000601765 
0.00269924 
0.000267744 
0.00136216 
3.88771e-05 
0.00132127 
0.00356726 
0.00101861 
6.61425e-05 
0.00533945 
0.00842977 
0.00911139 
0.00386025 
6.69062e-05 
0.0005471 
0.00143485 
0.00145778 
0.0424579 
0.0338851 
0.00636941 
0.00192035 
0.00134146 
0.00610016 
0.00531595 
0.00446819 
0.00510692 
0.00426417 
0.00137857 
0.000246316 
0.00370801 
0.00117656 
0.00247868 
0.00246996 
5.47655e-05 
9.94653e-06 
0.00852536 
0.00651688 
0.00319876 
0.000377808 
0.0448653 
0.030147 
0.00804101 
0.000258233 
0.00534789 
0.00558899 
0.0016526 
0.00370625 
0.0024794 
0.00622446 
0.00354381 
0.00119792 
0.00161699 
0.00208967 
0.00184176 
0.00507599 
0.0013341 
0.000873972 
0.0022417 
0.00260771 
0.00341528 
0.00162527 
0.00107671 
0.000813242 
0.00113011 
0.00342407 
0.005453 
0.00128798 
0.00507091 
0.00424944 
0.000333264 
