0
0.00799231 
0.00140188 
4.60595e-05 
0.00432185 
0.00195523 
0.0027672 
0.000348952 
0.00289826 
0.00902463 
0.0064318 
0.00528633 
0.00126267 
0.000207175 
6.46338e-06 
0.0012369 
0.00301667 
0.00256426 
0.00203696 
0.00326815 
0.000463832 
0.00410262 
0.00194944 
0.00132481 
0.00138967 
0.00138472 
0.0158772 
0.00193859 
0.015196 
3.56026e-05 
0.00252325 
0.00226975 
0.00291386 
0.00304601 
0.000664018 
0.000262583 
0.00144645 
0.00484002 
0.00134273 
0.00668303 
0.00254979 
0.000668637 
0.00566884 
0.00398465 
0.00304833 
0.00383364 
0.00140355 
0.0173175 
0.00890408 
0.0174799 
0.00201056 
0.00210023 
0.0112779 
0.0261957 
0.0278568 
0.00655594 
0.000748724 
0.00102987 
0.00526645 
0.00281878 
0.00531561 
0.00384942 
0.000907931 
0.000502504 
0.00442982 
0.00505239 
0.00216021 
0.00876373 
0.00110864 
0.00180358 
0.00262157 
0.000165775 
0.000661138 
0.0033694 
0.000978183 
0.00152594 
0.00606066 
0.00363495 
2.20202e-05 
0.00541803 
0.000845574 
0.00637932 
0.00254386 
0.000424016 
0.000776581 
0.00104646 
0.00483293 
0.000426091 
0.00204173 
0.0052628 
0.00725663 
0.00108977 
0.00252067 
0.007626 
0.00604401 
0.00150411 
0.00273729 
0.00117005 
0.0047937 
0.00801627 
0.00766799 
0.0040201 
0.0020714 
0.00845474 
0.0067934 
0.000619229 
