0
0.00361506 
0.00174286 
0.0026154 
0.00122133 
0.000636777 
0.000274923 
0.00198514 
0.00294882 
0.00418885 
0.00149005 
0.00369218 
0.000185899 
0.00464258 
0.00878967 
0.00266851 
0.000913501 
0.00332445 
0.00161472 
0.00143146 
0.00291684 
0.000437731 
0.00136753 
0.000762586 
0.00697551 
0.00033351 
0.00562843 
0.00172097 
0.00659347 
0.00598051 
0.00421837 
0.00902563 
0.00343011 
0.00307329 
0.00254203 
0.00216881 
0.00437033 
0.00313384 
0.00263995 
0.00874434 
0.00682939 
0.00313713 
0.00493717 
0.000333998 
0.00487182 
0.00311189 
0.000993069 
0.00363498 
4.36548e-05 
0.00222213 
0.00268485 
0.00247413 
0.00416575 
0.0264273 
0.0368826 
0.00806051 
0.00272482 
0.00622821 
0.0154073 
0.00260582 
0.0108022 
0.00371099 
0.00472804 
0.00191669 
0.00608236 
0.00392114 
0.00328192 
0.00347784 
0.00229969 
0.000446033 
0.00346946 
0.00339784 
0.0131484 
0.0103539 
0.00564738 
0.00142087 
0.00354526 
0.0109362 
0.0110591 
0.01013 
0.00489937 
0.00174612 
0.00418782 
0.00537252 
0.00216657 
0.00785812 
0.00292559 
0.0041625 
0.00126407 
0.00163373 
0.00191253 
0.00432952 
0.00264425 
0.000147251 
0.0024501 
0.000791695 
0.00913753 
0.000436414 
0.00435162 
0.00916331 
0.00887611 
0.00413133 
0.00266174 
0.00257776 
0.00514681 
0.0223253 
