0
0.0020463 
0.00881318 
0.00246506 
0.003887 
0.00235332 
0.00566976 
0.00626429 
0.00423286 
0.00216982 
0.00232166 
0.00548932 
0.000937086 
0.0027763 
0.00446763 
0.00356213 
0.000793669 
0.00396944 
0.00237598 
0.00152371 
0.0025111 
0.00293691 
0.00335952 
0.00210666 
0.000462186 
0.00276324 
0.0283628 
0.00963423 
0.0180841 
0.00053847 
0.00660674 
0.00352558 
0.0059218 
0.00444678 
0.00115564 
0.00278634 
0.00359713 
0.000517782 
0.000649976 
0.00165099 
0.00485291 
0.000958864 
0.00289401 
0.000217088 
0.000602528 
0.00304048 
0.00131292 
0.00313462 
0.00290322 
0.00767839 
0.00457095 
0.000998005 
0.00310739 
0.0264797 
0.0348519 
0.0170375 
0.0167774 
0.00106185 
0.00489364 
0.0045868 
0.00157496 
0.00208233 
0.00181668 
0.0111022 
0.0115158 
0.00116299 
0.000964899 
0.00184281 
0.00253811 
0.00449255 
0.00420546 
0.000741262 
0.00172276 
0.000706576 
0.00165524 
0.000698961 
0.00306247 
0.0163992 
0.00902134 
0.0105316 
0.000977352 
0.00284032 
0.00567389 
0.00333021 
0.00469625 
0.00603303 
0.00231959 
8.62181e-05 
0.00142392 
5.51306e-05 
0.00241052 
0.00492355 
0.00478495 
0.00388914 
0.00859247 
0.0134754 
0.00420198 
0.0069314 
0.00303808 
0.00553098 
0.00917265 
0.00128018 
0.00348618 
0.00014016 
0.00513599 
0.00356624 
