0
0.00159098 
0.00116921 
0.00081601 
0.0101558 
0.00483478 
0.00242703 
0.000570066 
0.000540044 
0.00278551 
0.00262206 
0.0036763 
0.00226893 
0.000314604 
0.00146967 
0.00377746 
0.000853926 
0.00370178 
0.00231476 
0.00126103 
0.00119914 
0.00223958 
0.00622991 
0.00111045 
0.00103201 
0.000569712 
0.000920851 
0.00261208 
0.00411149 
0.0053431 
0.00187298 
0.00253278 
0.00129963 
0.0013868 
0.000224262 
0.00531407 
0.00228142 
0.000298958 
0.00136077 
0.0058485 
0.00570133 
0.00438686 
0.00278002 
0.00476253 
0.00599077 
0.00300033 
0.00699549 
0.000736395 
0.00266865 
0.00321981 
0.00105125 
0.00587924 
0.00208188 
0.0303399 
0.0292048 
0.0036743 
0.000178799 
0.0037925 
0.000725305 
0.000598518 
0.000833029 
0.00547535 
0.000876568 
0.00561861 
0.00739785 
0.00499136 
0.000840614 
0.00295975 
0.0011301 
0.00165217 
0.000673236 
0.000323184 
0.00405023 
0.000669219 
0.00613007 
0.000405287 
0.00575442 
0.00528385 
0.000627058 
0.00362438 
0.0280888 
0.0227722 
0.00537615 
0.00252261 
0.00124259 
0.000699773 
0.000543434 
0.000322439 
0.00468675 
0.0007791 
0.00593965 
0.00236041 
0.000169773 
0.00580627 
0.00516399 
8.62665e-05 
0.000179946 
0.00225104 
0.00197238 
0.00512046 
0.00768302 
0.0200122 
0.0105262 
0.0062502 
0.0309473 
0.0204862 
