0
0.00454605 
0.000673242 
0.00195537 
0.00098554 
0.00327185 
0.00190404 
0.00518255 
0.0043396 
0.00344548 
0.000272434 
0.00487749 
0.00444696 
0.00168965 
0.00111314 
0.00565513 
0.00742871 
0.00135281 
0.00340928 
0.0035872 
0.00448615 
0.00156804 
0.00131948 
0.0045306 
8.6125e-05 
0.00285663 
0.000237409 
0.00258198 
0.00568161 
0.00386901 
0.00228967 
0.0010065 
0.0063786 
0.00937934 
0.00408604 
0.000340849 
0.00262861 
0.00352985 
0.00213211 
0.00177988 
0.021129 
0.0206889 
0.0105856 
0.00622072 
0.000109468 
0.00328049 
0.0016114 
0.000172544 
5.47618e-07 
0.00200671 
0.00156614 
0.00274215 
0.00365844 
7.96802e-05 
0.000290729 
0.000735957 
0.00200803 
0.000292145 
0.00364437 
0.0041545 
0.00146933 
0.0070354 
0.0024544 
0.00448673 
0.00410956 
0.00118548 
0.0008679 
0.00131382 
0.00530564 
0.00026859 
0.00102881 
0.00474038 
0.00328588 
0.0046283 
0.00281579 
0.00282153 
6.9011e-05 
0.000353847 
0.028514 
0.0291314 
0.0217785 
0.0171277 
0.00978363 
0.00198282 
0.0156146 
0.011985 
0.00370185 
0.00200982 
0.00510586 
0.000514429 
0.0422625 
0.0317542 
0.0127193 
0.00462539 
0.000373904 
0.00100396 
0.0033344 
0.00390501 
0.0132939 
0.00820312 
0.0108505 
0.0016723 
0.00151399 
0.00151273 
0.00972933 
0.000304498 
0.000549715 
0.0116557 
0.00587254 
0.00861173 
0.00270125 
0.0011357 
0.00417493 
0.000741381 
0.000345435 
0.00242933 
0.000819329 
0.0031062 
0.00305476 
0.00186225 
0.000284582 
0.000703428 
0.000957675 
0.00117468 
0.00115414 
0.00118066 
0.000130545 
0.00106163 
0.00099466 
0.000781283 
0.00569643 
0.00587098 
0.00287733 
0.00378592 
0.000582375 
0.00177679 
0.00679571 
0.000678897 
0.00520992 
0.000845257 
0.00523658 
0.00116393 
0.000551589 
0.00559222 
0.00739811 
0.00241433 
0.0152373 
0.00662851 
0.00888626 
4.27552e-05 
0.00206335 
0.00260336 
0.00406427 
0.00692203 
0.000991888 
0.00736064 
0.00440241 
0.00273589 
0.00154325 
0.00721429 
0.0127052 
0.0613416 
0.050527 
0.00333617 
0.0185245 
0.00513228 
0.00385271 
0.00323841 
0.000198305 
0.00308585 
0.00151335 
0.00456104 
0.00585179 
0.00413558 
0.00598766 
0.00346697 
0.00385306 
0.00277752 
0.00307055 
0.00143841 
