0
0.0062125 
0.00185613 
0.00211636 
0.00227508 
0.000202805 
1.73748e-05 
0.00111364 
0.000353176 
0.00425351 
0.00479087 
0.00492057 
0.00149472 
0.00156352 
0.0117671 
0.0120947 
0.000831135 
0.0021583 
0.00248513 
0.000650104 
0.00487198 
0.0181687 
0.013903 
0.00556839 
0.00436364 
0.005478 
0.0019922 
0.00510951 
0.00449191 
0.000326253 
0.00291619 
0.000311971 
0.0065022 
0.0048492 
0.0121958 
0.0078634 
0.000523526 
0.0139058 
0.00226013 
0.00831124 
0.00773036 
0.00318651 
0.000755165 
0.000790093 
0.00201882 
0.00127916 
1.79447e-05 
0.00269504 
0.000947662 
0.00467611 
0.000705078 
0.00183826 
0.00115557 
0.00723257 
0.00957584 
0.0162474 
0.0100797 
0.00324045 
0.000360284 
0.000530805 
0.00141369 
0.00955642 
0.0031274 
0.00201398 
0.000195291 
0.00483012 
5.56633e-05 
2.79061e-05 
0.0035318 
0.000627793 
0.0013586 
5.6047e-05 
0.00348824 
0.000949714 
0.000793159 
0.00210739 
0.00234481 
0.00513868 
0.00085216 
0.00453771 
0.0219962 
0.0171821 
0.0261035 
0.00283806 
0.00391646 
0.00755757 
0.0061247 
4.06895e-05 
0.0100631 
0.00750226 
0.0276041 
0.0363466 
0.0108975 
0.0154144 
0.00935298 
0.00954658 
0.00317653 
0.00448008 
0.00415379 
0.00341812 
0.00348556 
0.000395322 
0.0182879 
0.00840295 
0.00765191 
0.00164676 
0.00395554 
0.00358326 
0.000720363 
0.00310821 
0.000271924 
0.00736562 
0.01116 
0.00835048 
0.0139398 
0.00870154 
0.000180818 
0.00287755 
0.00212207 
0.00246927 
0.000986736 
0.00248866 
0.00605457 
0.00416701 
0.000544105 
0.00473909 
0.000357118 
8.55327e-05 
0.00322079 
0.00600261 
0.00256396 
0.00869287 
0.00765338 
0.00219947 
0.00169389 
0.00576774 
0.000294015 
0.00271571 
0.00128449 
0.00442774 
0.0259575 
0.000202812 
0.0251766 
9.36948e-05 
0.00285513 
0.00740594 
0.0277721 
0.0178719 
0.00827812 
0.00507649 
0.00347022 
0.0026988 
0.000599928 
0.00074257 
0.00340702 
0.00391824 
0.0011875 
0.00303622 
0.00647019 
0.00926365 
0.0144067 
0.000774506 
0.00103405 
2.6077e-08 
0.0024326 
0.00227366 
0.00332955 
0.00174557 
0.00612679 
0.000152934 
0.00500888 
0.00163326 
0.00363768 
0.00430926 
0.00278112 
0.00301655 
0.000604223 
0.00352523 
0.00103121 
0.000734217 
