0
0.00161159 
0.00814513 
0.00269773 
0.00548258 
0.0129341 
0.000236787 
0.00708929 
2.87592e-05 
0.00694231 
0.00198269 
0.00262827 
0.00131888 
0.00222299 
0.0128391 
0.00248304 
0.00250158 
0.00253572 
0.00604925 
0.0106631 
0.00402419 
0.0050006 
0.0066587 
0.000902127 
0.00789659 
0.000415619 
0.00206814 
0.00155268 
0.000409681 
0.00289299 
0.000827156 
0.00221661 
8.4728e-05 
0.000732519 
0.00594554 
0.00116627 
0.00238976 
0.000617281 
0.000387389 
0.00215448 
0.00329636 
0.0027765 
0.0161615 
0.00223643 
0.0183847 
0.00401215 
0.000912644 
0.00150426 
0.00432367 
0.00513176 
0.00244069 
0.00226649 
0.00083188 
0.00583063 
0.0110205 
0.000990473 
0.00400811 
0.00804813 
0.00849056 
0.000829451 
0.00941732 
0.00801347 
0.0180791 
0.000702024 
0.00192928 
0.00501914 
0.00743722 
0.00802775 
0.00227577 
0.00185264 
0.00848623 
0.00546247 
0.0021469 
0.000322908 
0.00337931 
0.00404997 
8.60766e-05 
0.00278876 
0.00177213 
0.0010314 
0.00376298 
0.00105241 
0.00507207 
6.23818e-05 
0.00372742 
0.00112915 
0.00282905 
0.00128589 
0.00382421 
0.00707902 
0.0237278 
0.026895 
0.000946172 
0.00408366 
0.00084188 
0.00623778 
0.00216012 
0.00605931 
0.0238633 
0.0048654 
0.0121166 
0.00481205 
0.0158246 
0.0102072 
0.00286039 
0.0201826 
0.0242617 
0.00477627 
0.00553039 
0.0229248 
0.0138531 
0.000597466 
0.00325704 
0.00352368 
0.00180106 
0.000957835 
0.00398123 
0.000171881 
0.00196964 
0.00229786 
0.00361703 
0.0192401 
0.001003 
0.00816766 
0.0118514 
0.00677975 
0.00433193 
0.00474882 
0.000550862 
0.00181885 
0.00266712 
0.00426044 
0.00656064 
0.0132881 
0.00156552 
0.00866727 
0.00330621 
0.0033675 
0.000669308 
0.00190978 
0.00487214 
0.00405364 
0.00264367 
0.00247079 
0.00184198 
0.00180783 
0.000911377 
0.00189885 
0.00344237 
0.00103705 
0.0010971 
0.01119 
0.00191734 
0.00634163 
0.00773562 
0.00717638 
0.00220273 
0.000148296 
0.000141338 
0.00139767 
0.000572704 
0.00377309 
0.000743702 
0.00163448 
0.00141945 
0.00603864 
0.000853006 
0.0047801 
0.0035966 
0.00178025 
0.00130926 
0.00179035 
0.000546191 
0.000642437 
0.00121729 
0.00318509 
0.00321263 
0.00302356 
0.000548206 
0.0039629 
