0
0.0207199 
0.00062786 
0.00129036 
0.0012697 
9.498e-05 
0.000854962 
0.00114796 
0.00232744 
0.000696272 
0.00209624 
0.00183982 
0.00160781 
1.4402e-05 
0.00741245 
0.00533688 
0.00108422 
0.00188556 
0.00128908 
0.000498995 
0.00521519 
0.00368415 
0.00142659 
0.00338445 
0.00114989 
0.00677268 
0.000663437 
0.00859018 
0.0023885 
0.0087743 
0.00157291 
0.00181264 
0.00260846 
0.00572691 
0.00160994 
0.00517431 
0.00242729 
0.00568724 
0.0023188 
0.00110533 
0.000844911 
0.00711155 
0.00366368 
0.00402282 
0.00350752 
0.000118442 
0.00123372 
0.0030369 
0.000711575 
0.0103814 
0.00700791 
0.00792072 
0.0275112 
0.0494402 
0.045533 
0.0183104 
0.0153749 
0.00539957 
0.00858685 
0.00154671 
0.00512549 
0.00118893 
0.00354772 
0.00352979 
0.00021483 
0.0130262 
0.0177212 
0.00521947 
0.0158335 
0.00168646 
0.00304125 
0.00188723 
0.00478923 
0.000529572 
0.00419223 
0.00655973 
0.00611061 
0.00792348 
0.0085264 
0.000422947 
0.00548239 
0.00139803 
0.00139047 
0.000874862 
0.00218305 
0.00258794 
0.00165223 
0.00248224 
0.000490084 
0.006042 
0.00177743 
0.000922643 
0.00131715 
0.00497276 
0.00270693 
0.00015986 
0.00355343 
0.00514914 
0.00661717 
0.0043737 
0.00554321 
0.00137614 
0.00289407 
0.00538688 
0.00191953 
0.00334443 
0.00698131 
