0
0.0192819 
0.0020263 
0.000849061 
0.000402972 
0.00150194 
0.000419714 
0.00165875 
0.000602722 
0.00186864 
0.0120036 
0.00961039 
0.00490572 
0.00329155 
0.00378075 
0.000406064 
0.00141479 
0.00540919 
0.000793561 
0.00330615 
0.00227672 
0.00398342 
0.00404583 
0.000506133 
0.00324825 
0.00295892 
0.00424123 
0.00223531 
0.00557956 
0.00492381 
0.00105513 
0.00370488 
0.00122099 
0.00115965 
0.000735715 
0.00214737 
0.000159562 
0.00190001 
0.00088793 
0.00299378 
0.00108194 
0.000490516 
0.000113517 
0.00303797 
0.00032299 
0.00162902 
0.00174506 
0.00676925 
0.00596461 
0.00597152 
0.0037158 
0.00765358 
0.0277737 
0.0496967 
0.0553046 
0.0215525 
0.00158124 
0.00169905 
0.00531009 
0.00377955 
0.0017846 
0.00558261 
0.00288364 
0.00258017 
0.00129141 
0.00823063 
0.00013081 
0.0106769 
0.00540993 
0.00818703 
0.00427935 
0.00298433 
0.00343347 
0.000625059 
0.00250362 
0.00307706 
0.00222448 
0.00390013 
0.00152685 
0.00101654 
0.000940233 
0.00212255 
0.00951772 
0.000479676 
0.00907081 
0.000390075 
0.000761598 
0.000107825 
0.00324287 
0.00145189 
0.00124519 
0.00460439 
8.14199e-05 
0.000527963 
0.00421736 
0.00295811 
0.000923783 
0.00164255 
0.000751346 
0.000349998 
0.00265269 
0.00225562 
0.0142062 
0.00435392 
0.0136951 
0.0067388 
0.00161096 
