0
0.000576854 
0.000364423 
0.00217581 
0.00032118 
0.000764303 
0.000848524 
0.00205114 
0.0013379 
0.00786746 
0.00279979 
0.000988483 
0.00215682 
8.27163e-05 
0.0030035 
0.00263781 
0.00193408 
0.000538737 
0.0106718 
0.00924237 
0.0137281 
0.00020906 
0.00386099 
0.00284559 
0.00120901 
0.000271413 
0.00261891 
0.00193134 
0.00203073 
0.00142626 
0.00408778 
0.00148689 
0.000635874 
0.00501748 
0.0043862 
0.00104864 
0.0032168 
0.00209901 
0.00399303 
0.000139702 
0.00511133 
0.00205977 
5.1748e-05 
0.000604562 
0.00152458 
0.00318179 
0.00385134 
0.00053313 
0.000862934 
0.00155212 
0.00539743 
0.000124909 
0.000412229 
0.0580538 
0.0499718 
0.000435267 
0.00174262 
0.000349559 
0.000358716 
0.00258859 
0.00218463 
0.00182454 
0.00123272 
0.000355896 
0.00133644 
5.2806e-05 
0.00136971 
0.0016444 
0.000886828 
0.000728633 
0.00265941 
0.00345181 
0.00441102 
0.000567395 
0.00107354 
0.000861991 
0.00108111 
0.000540085 
0.000830747 
0.0012634 
0.00105895 
3.75882e-05 
0.00739969 
0.00276415 
0.00334504 
0.000710726 
1.29491e-05 
0.00174174 
0.000673965 
0.00241456 
0.00326006 
0.00177619 
0.000343945 
0.00304269 
0.0021745 
0.00149856 
0.00190976 
0.00121998 
0.00113592 
0.000988413 
0.00392 
0.0038119 
0.00822653 
0.00337321 
0.00105063 
0.00572596 
