0
0.00120731 
0.00240296 
0.000102695 
0.00459337 
0.00042244 
0.00182592 
0.000327166 
0.00183573 
0.00325296 
0.000717834 
0.00326141 
0.00266904 
0.00065485 
0.00423573 
0.0121987 
0.037496 
0.0126874 
0.0026174 
0.00554147 
0.000734814 
0.000908315 
0.00180001 
0.000559337 
0.00249705 
0.00739235 
0.00116861 
0.00524805 
0.00311749 
0.000124045 
0.000672296 
0.00113132 
0.000956386 
0.00130796 
0.00232743 
0.0023097 
0.0027968 
0.00680978 
0.00234545 
0.00195377 
0.00115454 
1.50576e-05 
0.00546278 
0.00053598 
0.00138304 
0.000367798 
0.00287857 
0.00946726 
0.0037648 
0.00423028 
0.00452274 
0.0244333 
0.00665016 
0.0288248 
0.0235375 
0.00191585 
0.000926908 
0.00620399 
0.00284976 
0.000651997 
0.0012865 
0.000993039 
0.00498587 
0.00481047 
0.00548952 
0.00290328 
0.00147511 
0.00249059 
0.000762824 
0.000566438 
0.0061484 
0.00058667 
0.000378359 
0.00397789 
0.00366722 
0.00061278 
0.00327436 
0.000988539 
0.00322982 
0.00180649 
0.000881042 
0.00538114 
0.00372424 
0.00490403 
0.00119505 
0.00140694 
0.000938699 
0.0520212 
0.010516 
0.0123413 
0.0129041 
0.00510275 
0.00500215 
0.00216991 
0.00567491 
0.00114805 
0.0180173 
0.020565 
0.00550316 
0.0100608 
0.00312883 
0.000530906 
0.000489093 
0.00169294 
0.0207188 
0.0241508 
