0
0.00441637 
0.00672678 
0.0014725 
0.00160594 
0.00518465 
0.00609382 
0.00264309 
0.0037885 
0.00254002 
0.00346301 
0.0138446 
0.00407494 
0.00217104 
0.00133254 
0.0021224 
0.00147361 
0.00149303 
0.00254321 
0.00328188 
0.00152395 
0.00130792 
0.00210587 
0.00419611 
0.00137436 
0.00480116 
0.00518439 
0.00535871 
0.0153776 
0.0159426 
0.00416607 
0.00173736 
0.00295582 
0.000787407 
0.00139993 
0.000881419 
0.0135738 
0.0110346 
0.000363719 
0.00210713 
0.000917472 
0.00226497 
0.000346292 
0.00879134 
0.00291773 
0.00197005 
0.000532102 
0.00320232 
0.00393001 
0.00311364 
0.00466666 
0.000743877 
0.00671061 
0.0333102 
0.0454156 
0.00257434 
0.00861113 
0.00213829 
6.7573e-05 
0.00299866 
0.00632405 
0.00457264 
0.000160947 
0.0104686 
0.00422679 
0.00126283 
0.00483955 
0.00351514 
0.000126477 
0.00201301 
0.00105312 
0.00405065 
0.00216829 
0.00234104 
0.00439557 
0.00345518 
0.0135371 
0.0385485 
0.00090576 
0.0150141 
0.00268605 
0.000287101 
0.0032882 
0.00341235 
0.000396304 
0.000665024 
0.00211602 
0.00125282 
0.00652093 
0.00114667 
0.00712732 
0.00472712 
0.00206738 
0.00170752 
0.00104963 
0.0083099 
0.000924468 
0.0215967 
0.0319721 
0.00306523 
0.00301299 
0.00236955 
0.000124462 
0.000327677 
0.0016923 
0.00248695 
