0
0.000609882 
0.000797886 
0.00385954 
0.000671733 
0.00137155 
0.00107855 
0.00157423 
0.00423645 
3.09385e-05 
0.00282151 
0.00153338 
0.00356905 
0.000877384 
0.00175197 
0.00159842 
0.000217702 
0.00158553 
0.00106949 
0.00208867 
0.00583985 
0.00130004 
0.00317726 
0.0045675 
0.000744224 
0.00149779 
0.00386274 
0.00442237 
0.00422322 
0.0132168 
0.0134472 
0.00349537 
0.00219614 
0.0027062 
0.000170905 
0.00325282 
0.00236264 
0.00272268 
0.000483532 
0.00764227 
0.00562835 
0.000820791 
0.0031638 
0.00126434 
0.00263286 
0.00250126 
0.000207936 
0.00381634 
7.43531e-05 
0.00487573 
0.00430019 
0.0023184 
0.00476165 
0.0236745 
0.0268982 
0.000695668 
0.00329967 
0.00540141 
0.00570606 
0.00256147 
0.00397262 
0.00213569 
0.0061613 
0.00557861 
0.00800941 
0.000152892 
0.00289907 
0.000412632 
0.000586225 
0.00266601 
0.000757964 
0.000558559 
0.00111629 
0.00433076 
0.00444578 
0.000945846 
0.00546496 
0.0100716 
0.00139775 
0.00615061 
0.000555666 
0.00130613 
0.000179153 
0.000532255 
0.00218556 
0.00229455 
2.18526e-05 
0.000681924 
0.00359511 
0.00217003 
0.0027878 
0.000590619 
0.00183877 
0.000827854 
0.00244978 
0.000687262 
0.000487952 
0.00342027 
0.000762528 
0.0018268 
0.000312192 
0.00272457 
0.0059018 
0.00372924 
0.00336238 
0.00224481 
