0
0.00285079 
0.00032755 
0.0247995 
0.0185694 
0.0611505 
0.00325634 
0.000480369 
0.000471234 
0.004351 
0.000556566 
0.000723824 
0.000492252 
0.00173704 
0.00130879 
0.00165384 
0.00149566 
0.000109121 
0.000948217 
0.00468935 
0.00271436 
0.000496257 
0.00227672 
0.00126534 
0.00174968 
0.0046663 
0.0263293 
0.00278043 
0.00732637 
0.00179049 
0.00408293 
0.0394939 
0.0363706 
0.0135625 
0.0053135 
0.000334237 
0.00298135 
0.00539663 
0.00059142 
0.000573955 
0.0012456 
0.000432007 
0.00292849 
0.00406118 
0.00349062 
0.0150975 
0.00389303 
9.19458e-05 
0.00183671 
6.46319e-05 
0.00234795 
0.0124535 
0.00951272 
0.0226477 
0.0215515 
0.00130907 
0.000898102 
0.00052198 
0.00227493 
0.00202128 
0.00312004 
0.0269997 
0.00944624 
0.00479883 
0.00424505 
0.00547986 
0.000600047 
0.000758696 
0.00125129 
0.00323275 
0.00194966 
0.000893582 
0.000563536 
0.00225724 
0.000973007 
0.0042275 
0.0120383 
0.0848725 
0.0326283 
0.0180133 
0.0014565 
0.00153103 
0.000137769 
0.00123067 
0.00289187 
0.000296697 
0.000838384 
0.00163968 
0.00250802 
0.00207226 
0.00630511 
0.00242092 
7.7039e-06 
0.000412218 
9.08971e-07 
0.000474811 
0.0024633 
0.00065095 
0.00127718 
0.00049229 
0.00270674 
0.0016818 
0.0573644 
0.00678412 
0.0167767 
0.00490806 
