0
0.00104401 
0.000429392 
0.00788641 
0.00942624 
2.14949e-05 
0.000650536 
0.00238294 
0.000672996 
0.000134513 
0.00608635 
0.00813441 
0.00213242 
0.0083665 
0.00818019 
0.00701429 
0.00245466 
0.00813232 
0.000242166 
0.000389781 
0.00165562 
0.00241973 
0.00148246 
0.00531374 
0.00478567 
0.00011592 
0.0016541 
0.000385839 
0.0020007 
0.00702161 
0.0055225 
0.000824053 
0.00227197 
0.000782061 
0.000780631 
0.00133066 
0.00177623 
0.00946205 
0.00675013 
0.0027208 
0.00269955 
0.00125641 
0.000429846 
0.00118565 
0.00390722 
0.00195203 
0.00104015 
0.000951283 
0.000253778 
0.00144844 
0.00361837 
0.0104294 
0.00303582 
0.0391776 
0.0440636 
0.00125821 
0.00270211 
0.00763691 
0.00882788 
0.00168742 
0.00112941 
0.000117946 
0.00655442 
0.00610914 
0.000392925 
0.00169264 
0.00368724 
0.0068828 
0.00790482 
0.000905097 
0.00243272 
0.00678834 
0.00398572 
0.000427358 
0.00114863 
0.00745342 
0.00728175 
0.00238738 
0.00279199 
0.00156454 
0.00799862 
0.00745983 
0.000772078 
0.00619846 
0.00552152 
0.00227162 
0.00038673 
0.001032 
0.00298885 
0.00140776 
0.0026963 
0.00513415 
0.00815284 
0.000181548 
0.00029834 
0.00180513 
0.00097831 
0.00197423 
0.00500489 
0.00089376 
0.00763756 
0.00249672 
0.00352727 
0.00310682 
0.00261765 
0.00266407 
