0
0.00467219 
0.0076606 
0.00235514 
0.00301827 
0.00131992 
0.000776924 
6.76289e-05 
0.000884369 
0.00111821 
0.00197608 
0.00243065 
0.000586383 
0.000960723 
0.00113198 
0.00123324 
0.00161402 
0.000548348 
0.00120138 
0.00109162 
0.000543356 
0.0018881 
0.00196088 
0.00486686 
0.00614113 
0.00392007 
0.00259531 
0.0033801 
0.0164171 
0.00927257 
0.00171095 
0.00125419 
0.000640109 
2.487e-05 
0.00240487 
0.00322097 
3.2708e-05 
0.000328913 
0.000434913 
0.00130228 
0.000727534 
0.00168178 
0.00331869 
0.00119796 
0.00196096 
0.00269306 
0.000651322 
0.000352561 
0.000178568 
3.75211e-05 
0.000345558 
0.000914134 
0.000298135 
0.000504091 
0.000775129 
0.00204926 
0.000192523 
0.000519283 
0.000521995 
0.00306553 
0.00239825 
0.00226074 
0.000201128 
0.00244785 
0.00117865 
0.0196803 
0.00149917 
0.00587385 
0.00079301 
0.00300212 
0.000193164 
0.00395807 
0.00710914 
0.00026013 
0.000727415 
0.00367369 
0.000721335 
0.0835647 
0.0594783 
0.0362207 
0.0069001 
0.000114284 
0.00649258 
0.00337466 
0.0107887 
0.00827326 
0.00187868 
0.000853047 
0.00366328 
0.00448188 
0.0232145 
0.021025 
0.0122541 
0.000959605 
0.00797009 
0.000922279 
0.00125882 
0.000329446 
0.000365661 
0.0042052 
0.00296468 
0.00335079 
0.0012618 
0.0100523 
0.0496649 
0.00176015 
0.00024797 
0.000401534 
0.0135628 
0.00279252 
2.5332e-05 
0.00318668 
0.00145248 
0.00198317 
0.000276051 
0.00718886 
0.00253712 
0.000553638 
0.00146537 
0.000776313 
0.00497751 
0.000380374 
0.00138105 
0.0526627 
0.0337633 
0.00647698 
0.00265872 
0.00199165 
0.00160114 
0.00207784 
0.000601828 
0.00322046 
0.00389563 
0.000547275 
0.000848785 
0.0012496 
5.8189e-06 
0.000758804 
0.000552893 
0.000368163 
0.00402158 
0.000850372 
0.000509366 
0.00189728 
0.00113507 
2.56523e-05 
0.0013556 
0.000160515 
0.000513323 
0.000422731 
0.000870913 
0.00110546 
0.000513338 
0.00100245 
0.000789903 
0.000326939 
0.00049337 
0.000210829 
0.000752553 
0.000585124 
0.000916645 
0.00297659 
0.00239816 
0.00035347 
0.00289308 
0.000820331 
0.000227161 
0.00153908 
0.000257313 
0.00347172 
0.000329226 
0.000736855 
0.000290729 
0.000205517 
0.000635564 
0.000758976 
0.000403702 
0.00056646 
0.000243329 
0.00393229 
