0
0.00355324 
0.00187436 
0.00246773 
0.00594573 
0.00131133 
0.000119299 
0.000369921 
0.002039 
0.00131756 
0.00123785 
0.00140417 
0.00117296 
0.000566714 
0.00315009 
0.00068818 
0.0807531 
0.0512456 
0.00444613 
0.00277067 
0.00142904 
0.00257426 
0.00246212 
5.79953e-05 
0.000338443 
0.00209425 
0.000165001 
0.00104254 
0.00634284 
0.0259863 
0.0261795 
0.00884019 
0.00946795 
0.00372881 
0.00842995 
0.00219912 
0.00268897 
0.00411167 
0.00174078 
0.00135538 
0.00231577 
0.0022354 
0.00154029 
0.0159368 
0.0181912 
0.000214472 
0.00421425 
0.00471739 
0.0246584 
0.0212119 
0.0224721 
0.0296711 
0.0213428 
0.0108435 
0.00498236 
0.00863481 
0.0198674 
0.00409184 
0.000916846 
0.00263721 
0.00661742 
0.0435762 
0.0163117 
0.0108322 
0.000340492 
0.00851036 
0.000530656 
0.000729885 
0.000190873 
0.00338595 
0.00133819 
0.00292907 
0.000516091 
0.00448504 
0.000750408 
0.00234592 
0.00251972 
0.000306156 
0.00492844 
0.00028925 
0.00060983 
0.00205074 
0.00365642 
0.00178393 
0.00289017 
0.00894097 
0.00660663 
0.00455585 
0.00971013 
0.0115935 
0.0273895 
0.0546712 
0.0195736 
0.0189645 
0.00593631 
0.019689 
0.0332781 
0.0192406 
0.0153084 
0.0103457 
0.00902129 
0.00480228 
0.00132392 
0.0154008 
0.00150707 
0.00608829 
0.00277411 
0.00015739 
0.000215195 
0.00104705 
0.000586916 
0.00469647 
0.00125692 
0.000333142 
0.00305226 
0.00281458 
0.000324141 
0.00333178 
0.000820369 
0.0023313 
0.0053525 
0.00126147 
0.00172513 
0.00195006 
0.00113184 
0.00230316 
0.012803 
0.0127851 
0.00390815 
0.000207085 
0.00405923 
0.00365198 
0.00568938 
0.000997111 
0.000544511 
0.00118423 
0.00116935 
0.0575915 
0.00910717 
0.00940017 
0.00554872 
0.00913524 
0.00832064 
0.00138998 
0.00309705 
0.00260286 
0.00437814 
0.00417029 
0.00246605 
0.00237735 
0.00222661 
0.00313934 
0.000767808 
0.000200618 
0.000153627 
7.34217e-05 
0.00095145 
0.00114283 
0.00112737 
0.00347878 
0.000513382 
0.000842694 
0.00080217 
0.000333328 
0.00861365 
0.0223091 
0.00308681 
0.00953871 
0.00638407 
0.000553161 
0.00592045 
0.00614127 
0.0047412 
0.00816721 
0.00652582 
0.00521518 
0.00681164 
0.00426433 
0.00346214 
0.0551435 
