0
0.00122263 
0.000131499 
0.00213657 
0.00241215 
0.00014491 
0.000997018 
0.0020952 
0.00170778 
0.00097432 
0.00250744 
0.00116469 
0.000915457 
6.5852e-05 
0.00038721 
0.00101972 
0.00202828 
0.00123967 
3.89069e-05 
0.00130598 
5.81145e-06 
0.00037935 
0.00337536 
0.00170705 
0.00265503 
0.00826741 
0.000561096 
0.0022806 
0.00319587 
0.00172457 
0.00103038 
0.00135462 
0.00333006 
0.000866432 
0.000117268 
0.00128845 
0.00182037 
0.000258913 
0.000212288 
0.000701733 
0.00121427 
0.00055835 
0.000622658 
0.000578014 
0.00169164 
0.00158064 
0.0014758 
0.00127507 
0.000624515 
0.00100292 
8.90493e-05 
0.000386713 
6.33541e-05 
0.00159201 
0.000348527 
0.0032061 
0.000648433 
0.0072278 
0.00727156 
6.60047e-05 
0.000414314 
0.000579791 
0.000416791 
0.00640566 
0.00554031 
0.0041381 
0.00202244 
0.00374928 
0.00437308 
0.00052868 
0.00194204 
0.0022503 
0.00145997 
0.00174303 
0.00377928 
0.00178541 
0.000736732 
0.00549062 
0.00398007 
0.00303047 
0.000434423 
0.00681605 
0.0059603 
0.00379707 
0.00351083 
0.000471625 
0.00179603 
0.000154113 
0.0042161 
0.00279963 
0.0237368 
0.0201673 
0.00465134 
0.00536284 
0.00304135 
0.00192 
0.00126935 
0.000560369 
8.66819e-05 
0.00174139 
0.00320527 
0.00371037 
0.000253959 
0.00241926 
0.00254579 
0.00133863 
0.00114328 
0.000348233 
0.00185694 
0.00226746 
0.000237167 
0.000506146 
0.00150178 
0.00182676 
0.00141574 
0.00600502 
0.00889747 
0.00325336 
0.00255353 
0.00288523 
0.00175866 
0.00202856 
0.00106816 
0.00135945 
0.00474065 
0.0148621 
0.0164779 
2.12826e-05 
0.00451047 
0.0100246 
0.0071483 
0.00224075 
0.00311414 
0.00537333 
0.00114885 
0.00343412 
0.00286657 
0.00411611 
0.00233991 
0.0254116 
0.0216014 
0.00815526 
0.0101443 
0.00112443 
0.00309013 
0.00397567 
0.0044095 
0.000162026 
4.05572e-05 
0.000266183 
0.000581449 
0.000480233 
0.00164864 
0.000474378 
0.00154563 
0.00185487 
0.00183411 
0.00222282 
0.00152848 
0.000102112 
0.0112207 
0.0159111 
0.0147759 
0.00451064 
0.00509188 
0.0083667 
0.00017878 
0.00226004 
0.0126976 
0.0101387 
0.00242008 
0.00146229 
0.00064389 
0.00332205 
0.00131782 
0.00104759 
0.00249552 
0.000611909 
0.00181124 
0.000624396 
