0
0.0261408 
0.00082612 
0.000540614 
0.000270814 
0.000773102 
0.000256896 
0.00519469 
0.0211578 
0.0044499 
0.00505131 
0.00398189 
0.00275725 
0.0014739 
0.00181559 
0.00220048 
0.000738949 
0.00191152 
0.00387838 
0.00544831 
0.000170857 
0.00266877 
0.00650242 
0.029924 
0.00263304 
0.00822136 
0.0129108 
0.0557166 
0.008729 
0.009119 
0.000817835 
0.0491969 
0.0634785 
0.00756362 
0.0235253 
0.0228402 
0.00690863 
0.0359131 
0.0358947 
0.0129536 
0.0433047 
0.0247724 
0.0388293 
0.0226569 
0.00784037 
0.00366314 
0.00117078 
0.000633284 
0.00419879 
0.00298296 
0.00297597 
0.00326808 
0.00997612 
0.0067746 
0.0123834 
0.00705922 
0.00652772 
0.0112234 
0.00777356 
0.00267735 
0.035789 
0.100056 
0.0974735 
0.0438041 
0.00223652 
4.00096e-05 
0.000333741 
0.002185 
0.00962733 
0.0180692 
0.0102609 
0.00593702 
0.00196387 
0.000602826 
0.00017722 
0.000313655 
0.00127245 
0.00344245 
0.00167178 
0.00113831 
0.0281132 
0.0490388 
0.00177673 
0.0369316 
7.46697e-05 
0.00832981 
0.00464058 
0.00547875 
0.00841358 
0.0140125 
0.00902468 
0.000375092 
0.00332551 
0.00158177 
0.000962704 
0.00527506 
0.00560154 
0.000373691 
0.00067997 
0.00177225 
0.00262704 
0.0268217 
0.0228503 
0.0133841 
0.00729907 
0.00334898 
0.000342101 
0.00279632 
0.0168988 
0.00454432 
0.030127 
0.00637697 
0.00966394 
0.0148329 
0.00526161 
1.81794e-06 
0.000497743 
0.0435328 
0.0388596 
0.0251479 
0.00315502 
0.0349822 
0.0255441 
