0
0.0356162 
0.000924647 
0.000120059 
0.000573136 
0.000406519 
0.000616051 
0.000916719 
0.00111534 
0.000104062 
0.000456437 
0.00462065 
0.000413962 
0.00707396 
0.000286482 
0.000858426 
0.000564702 
0.000680596 
0.00148939 
0.000517018 
0.00240262 
0.00113989 
0.000883453 
0.00296445 
0.0019526 
1.88276e-05 
0.000418812 
0.000116572 
0.000223368 
0.000412069 
0.000100233 
0.00018692 
0.00118358 
0.000735313 
0.00206168 
0.00066451 
0.00144709 
0.000756666 
0.00493485 
0.00281123 
0.00492289 
0.00693827 
0.0109389 
0.00231525 
0.00109577 
0.00375877 
0.000674002 
0.00173443 
0.00332242 
0.00224088 
2.74852e-05 
0.000519864 
0.0015198 
0.000637166 
0.00417454 
4.90993e-06 
0.00621867 
0.000536285 
0.00169703 
0.000814967 
0.0231112 
0.0535697 
0.0542494 
0.0221056 
0.00180227 
6.16461e-05 
0.00315689 
0.000313312 
0.00121595 
0.000569865 
0.00348306 
0.00470614 
0.0145741 
0.00185373 
0.0164858 
0.00330225 
0.00352218 
0.00274938 
0.00258445 
0.000563338 
0.000935033 
0.000537895 
0.00273387 
0.000679947 
0.00068076 
0.000623763 
0.000156276 
0.000567935 
0.000629462 
0.000973336 
0.000662461 
0.000232451 
8.50111e-06 
0.00268249 
0.00165079 
0.00164632 
0.000608556 
0.00104769 
0.000797063 
0.000550866 
0.00139017 
0.000646584 
0.000778437 
0.000299439 
0.000459217 
0.000928111 
6.4671e-06 
0.00313768 
0.000157304 
0.00237164 
0.000334702 
0.00170614 
0.00796461 
0.0124707 
0.00824066 
0.00299115 
0.00950355 
0.0131852 
0.0054241 
0.00288078 
0.00325085 
0.00245663 
5.61997e-05 
